0
0
0
0
0
0
54
61
84
88
81
87
63
41
29
10
10
24
35
41
26
11
3
10
8
40
54
61
87
77
83
87
74
60
43
34
44
47
27
30
27
53
60
51
29
16
38
35
44
51
37
40
61
66
77
75
54
51
34
43
64
48
56
40
7
4
1
1
1
1
1
1
1
1
1
1
1
4
4
14
24
44
50
53
61
48
47
35
21
1
3
14
8
21
17
16
13
3
3
1
13
21
20
20
3
21
11
17
34
16
37
30
23
16
1
1
1
8
20
7
3
7
1
1
1
1
7
14
14
26
21
17
20
23
37
48
61
56
54
60
66
70
60
48
37
21
41
41
44
57
50
50
50
41
53
53
53
64
35
40
35
23
27
34
37
44
53
38
44
38
40
50
44
56
57
43
41
43
34
56
78
88
97
90
74
48
51
54
54
60
51
44
56
63
70
81
66
60
41
26
26
23
34
48
60
80
74
74
90
100
100
100
100
100
100
66
40
30
38
57
78
78
83
84
78
64
64
48
34
30
51
66
64
67
70
60
67
57
30
24
27
35
50
64
51
53
44
30
35
14
20
21
29
41
40
44
38
40
47
44
53
61
67
80
81
88
90
94
100
83
75
60
48
64
70
77
74
70
67
74
74
75
78
84
90
97
97
90
93
78
77
69
50
57
57
66
90
87
84