0
0
0
0
0
0
35
23
23
17
37
63
83
100
67
35
1
1
11
37
53
74
77
69
69
63
56
50
74
75
75
93
54
43
43
51
78
66
75
63
63
84
75
53
37
24
38
60
75
83
61
61
34
43
61
78
100
84
83
56
64
75
69
81
74
83
75
50
51
43
50
78
77
74
80
83
100
77
77
66
56
81
77
78
69
77
78
78
75
50
43
53
50
63
64
50
64
70
64
88
90
96
81
61
63
53
66
60
57
63
51
75
78
78
93
88
78
80
51
40
37
34
57
63
63
53
70
54
69
81
70
91
88
87
67
53
44
56
70
83
75
77
93
97
80
75
66
67
70
48
41
48
69
84
90
48
37
41
61
57
63
69
67
60
61
44
57
64
57
53
63
53
27
47
64
50
54
50
53
48
47
47
43
54
57
57
61
54
35
48
51
61
35
63
56
47
75
70
41
57
63
66
63
63
51
57
64
66
