34
30
35
37
50
57
56
40
37
34
41
53
30
23
14
27
41
26
24
41
53
56
35
20
37
53
43
27
13
23
47
66
66
60
63
57
53
69
80
77
69
64
69
80
77
74
70
67
64
60
53
50
51
50
56
43
29
24
20
37
30
27
23
11
10
17
53
63
69
64
66
67
63
56
51
53
60
70
66
70
75
63
60
50
40
38
41
48
34
37
24
26
27
29
35
35
37
27
21
11
17
23
37
53
56
60
53
47
50
51
53
63
60
48
51
53
47
61
66
64
60
66
56
51
48
35
38
29
34
35
37
48
47
50
44
43
41
29
38
47
56
54
47
44
47
51
51
48
47
43
41
48
44
48
35
34
43
54
70
67
51
50
40
38
47
29
41
48
66
61
67
48
30
23
14
30
26
30
47
57
64
56
51
